4.705087184906006
~
3.3950732358789537e-06
~
0.00011093085777247325
~
0.0,0.0,-0.20921505961831718,
0.03453440536991157,0.2480173530109228,-0.29870800665390296,
0.0633823835608987,0.4181655076395458,-0.4112557465763305,
0.08201842261625805,0.5332903991430604,-0.560740484132728,
0.10214813825621483,0.6085185105810788,-0.7618556943436108,
0.11006386654785257,0.6405890445030016,-1.000000009980333,
0.2,0.1,-0.06062177324335331,
0.14628614059632117,0.28824285602219846,-0.09306432399214158,
0.12357957312671224,0.43533482734521256,-0.13542593014589743,
0.11744113861792196,0.5529061138929113,-0.1920082866842448,
0.12107489521563952,0.647973302388154,-0.27528283472978177,
0.12514273477081625,0.7179121110395587,-0.426502077583868,
0.05,0.5,-0.3294955907602139,
0.08212280702415675,0.6121358170193569,-0.4352830751233379,
0.09960910270737014,0.6804073153574061,-0.57477069982934,
0.11283981493129946,0.7219630002249491,-0.7713360903985963,
0.11995185954758193,0.7349696683762217,-1.0000000099742188,
0.12666148664155524,0.7318331122023458,-1.0000000099959696,
~
0.00010281469181734615,
0.0018936343992676519,
-0.0013729920418247693,
0.004422666228285771,
-0.001183095091892003,
-0.00041714195058402403,
-0.006079996609749505,
-0.003198092544933709,
-0.0012388116094911306,
0.0016082784802297773,
6.441432162876404e-05,
-0.001373717330337365,
0.0027820278627771755,
-0.0018600441814206614,
-0.0007223325666635139,
-0.001983152724680609,
0.0010958206775660007,
0.002247947755356694,
~
3.3950732358789537e-06,3.389655176134072e-06,3.3782682903350226e-06,3.3634226923900515e-06,3.342865340061774e-06,3.3156701762447744e-06,3.389550619166263e-06,3.3860389518046485e-06,3.3789907066691612e-06,3.370639707112954e-06,3.361585006528904e-06,3.3510194671643707e-06,3.3746636883662507e-06,3.3620658156274017e-06,3.3488831840010743e-06,3.3305208930923694e-06,3.3057923207991746e-06,3.306012289656674e-06,
3.389655176134072e-06,3.3950732358789537e-06,3.391819748185366e-06,3.383415159370736e-06,3.368414079624228e-06,3.345472125772671e-06,3.386956907344889e-06,3.3907515369605597e-06,3.3897345144663225e-06,3.386555898785429e-06,3.382215144430682e-06,3.3763123438632165e-06,3.3901169978034972e-06,3.3833232157601383e-06,3.3746302282318747e-06,3.360428121916646e-06,3.339085740656067e-06,3.3392255350965102e-06,
3.3782682903350226e-06,3.391819748185366e-06,3.3950732358789537e-06,3.3923179485424153e-06,3.3827763040266503e-06,3.3646706257329823e-06,3.3765033285776015e-06,3.385501814703135e-06,3.388944306606736e-06,3.3897751745027997e-06,3.3893555063506393e-06,3.3878809820708933e-06,3.3940335569167706e-06,3.3921182672316487e-06,3.3876571393070226e-06,3.3779099513979484e-06,3.3607278352288816e-06,3.3608169006306317e-06,
3.3634226923900515e-06,3.383415159370736e-06,3.3923179485424153e-06,3.3950732358789537e-06,3.3915085696469876e-06,3.3793711443119403e-06,3.360606833508349e-06,3.3734495634257625e-06,3.3803660723374033e-06,3.384538177530514e-06,3.3877073806538356e-06,3.390937717123343e-06,3.390811902644731e-06,3.3933900473891028e-06,3.3933752176207076e-06,3.3888756306275788e-06,3.377096342752012e-06,3.377149831365828e-06,
3.342865340061774e-06,3.368414079624228e-06,3.3827763040266503e-06,3.3915085696469876e-06,3.3950732358789537e-06,3.3906437081533586e-06,3.337301435138084e-06,3.35302312284458e-06,3.3628020854711926e-06,3.370011019537899e-06,3.3768213358961062e-06,3.3855049459238293e-06,3.3796625317929183e-06,3.386873471573555e-06,3.3919939835283548e-06,3.3940708777480135e-06,3.3894786869322236e-06,3.3895169237420424e-06,
3.3156701762447744e-06,3.345472125772671e-06,3.3646706257329823e-06,3.3793711443119403e-06,3.3906437081533586e-06,3.3950732358789537e-06,3.3055797750327147e-06,3.3231535954845754e-06,3.3350480749408033e-06,3.344794750488733e-06,3.3550242032938415e-06,3.369474196156837e-06,3.3590003620745798e-06,3.370586277497945e-06,3.3811067555093588e-06,3.390558496711687e-06,3.394382763613341e-06,3.3944137756772314e-06,
3.389550619166263e-06,3.386956907344889e-06,3.3765033285776015e-06,3.360606833508349e-06,3.337301435138084e-06,3.3055797750327147e-06,3.3950732358789537e-06,3.3920554390465118e-06,3.3855869600855448e-06,3.377543345306704e-06,3.368144408363469e-06,3.3553351536820655e-06,3.375591731196909e-06,3.36328189920721e-06,3.3485206684929704e-06,3.3267914838289617e-06,3.2974319046197173e-06,3.2978044916987385e-06,
3.3860389518046485e-06,3.3907515369605597e-06,3.385501814703135e-06,3.3734495634257625e-06,3.35302312284458e-06,3.3231535954845754e-06,3.3920554390465118e-06,3.3950732358789537e-06,3.3932375350008956e-06,3.3888931764735042e-06,3.382578594198715e-06,3.3724330255172376e-06,3.3866479655257967e-06,3.3777771705226893e-06,3.365450293454771e-06,3.3456491900364437e-06,3.3175442670186082e-06,3.317776623021941e-06,
3.3789907066691612e-06,3.3897345144663225e-06,3.388944306606736e-06,3.3803660723374033e-06,3.3628020854711926e-06,3.3350480749408033e-06,3.3855869600855448e-06,3.3932375350008956e-06,3.3950732358789537e-06,3.3937651494320953e-06,3.390109414948461e-06,3.382476795130486e-06,3.391451367756645e-06,3.385662939830344e-06,3.3756782036861e-06,3.357960887009502e-06,3.331473412727001e-06,3.3316143825867955e-06,
3.370639707112954e-06,3.386555898785429e-06,3.3897751745027997e-06,3.384538177530514e-06,3.370011019537899e-06,3.344794750488733e-06,3.377543345306704e-06,3.3888931764735042e-06,3.3937651494320953e-06,3.3950732358789537e-06,3.3938476746318535e-06,3.388770327044253e-06,3.393060965171239e-06,3.390173976578313e-06,3.3825910917127384e-06,3.367259135074978e-06,3.342875655385555e-06,3.342955201262461e-06,
3.361585006528904e-06,3.382215144430682e-06,3.3893555063506393e-06,3.3877073806538356e-06,3.3768213358961062e-06,3.3550242032938415e-06,3.368144408363469e-06,3.382578594198715e-06,3.390109414948461e-06,3.3938476746318535e-06,3.3950732358789537e-06,3.3929440897763276e-06,3.3927822833274093e-06,3.392896085876949e-06,3.388086751804376e-06,3.375834336941461e-06,3.354463974783739e-06,3.35450230743598e-06,
3.3510194671643707e-06,3.3763123438632165e-06,3.3878809820708933e-06,3.390937717123343e-06,3.3855049459238293e-06,3.369474196156837e-06,3.3553351536820655e-06,3.3724330255172376e-06,3.382476795130486e-06,3.388770327044253e-06,3.3929440897763276e-06,3.3950732358789537e-06,3.390280853237455e-06,3.394067611950209e-06,3.393230176262663e-06,3.385954546354679e-06,3.3699223398878425e-06,3.3699316107180678e-06,
3.3746636883662507e-06,3.3901169978034972e-06,3.3940335569167706e-06,3.390811902644731e-06,3.3796625317929183e-06,3.3590003620745798e-06,3.375591731196909e-06,3.3866479655257967e-06,3.391451367756645e-06,3.393060965171239e-06,3.3927822833274093e-06,3.390280853237455e-06,3.3950732358789537e-06,3.393172303244213e-06,3.3877835820701063e-06,3.3760761729127256e-06,3.3562148949583256e-06,3.356251313194577e-06,
3.3620658156274017e-06,3.3833232157601383e-06,3.3921182672316487e-06,3.3933900473891028e-06,3.386873471573555e-06,3.370586277497945e-06,3.36328189920721e-06,3.3777771705226893e-06,3.385662939830344e-06,3.390173976578313e-06,3.392896085876949e-06,3.394067611950209e-06,3.393172303244213e-06,3.3950732358789537e-06,3.393200946011016e-06,3.38543005663186e-06,3.36944997282973e-06,3.3694658062397424e-06,
3.3488831840010743e-06,3.3746302282318747e-06,3.3876571393070226e-06,3.3933752176207076e-06,3.3919939835283548e-06,3.3811067555093588e-06,3.3485206684929704e-06,3.365450293454771e-06,3.3756782036861e-06,3.3825910917127384e-06,3.388086751804376e-06,3.393230176262663e-06,3.3877835820701063e-06,3.393200946011016e-06,3.3950732358789537e-06,3.391966048502887e-06,3.3809772369830536e-06,3.3809783391949038e-06,
3.3305208930923694e-06,3.360428121916646e-06,3.3779099513979484e-06,3.3888756306275788e-06,3.3940708777480135e-06,3.390558496711687e-06,3.3267914838289617e-06,3.3456491900364437e-06,3.357960887009502e-06,3.367259135074978e-06,3.375834336941461e-06,3.385954546354679e-06,3.3760761729127256e-06,3.38543005663186e-06,3.391966048502887e-06,3.3950732358789537e-06,3.3910493742221894e-06,3.3910441122932345e-06,
3.3057923207991746e-06,3.339085740656067e-06,3.3607278352288816e-06,3.377096342752012e-06,3.3894786869322236e-06,3.394382763613341e-06,3.2974319046197173e-06,3.3175442670186082e-06,3.331473412727001e-06,3.342875655385555e-06,3.354463974783739e-06,3.3699223398878425e-06,3.3562148949583256e-06,3.36944997282973e-06,3.3809772369830536e-06,3.3910493742221894e-06,3.3950732358789537e-06,3.3950690294242044e-06,
3.306012289656674e-06,3.3392255350965102e-06,3.3608169006306317e-06,3.377149831365828e-06,3.3895169237420424e-06,3.3944137756772314e-06,3.2978044916987385e-06,3.317776623021941e-06,3.3316143825867955e-06,3.342955201262461e-06,3.35450230743598e-06,3.3699316107180678e-06,3.356251313194577e-06,3.3694658062397424e-06,3.3809783391949038e-06,3.3910441122932345e-06,3.3950690294242044e-06,3.3950732358789537e-06,
~
