0.6717840433120728
~
0.0018320308299735188
~
0.00012005199096165597
~
0.01,0.0,-0.1779982497426631,
0.04017324472844647,0.23735662742308228,-0.2508364068092042,
0.06498778132339558,0.39917496258779545,-0.3391887781051141,
0.08325641834438446,0.5082917211257788,-0.4471285897281198,
0.09920907588008121,0.5789631891287493,-0.5792118436825906,
0.10863138177312293,0.616863722366671,-0.7649690854994152,
0.08,0.45,-0.028712570625736816,
0.09271914755063318,0.5810292595974075,-0.0391354473575731,
0.10611246537171833,0.6823088140483116,-0.05068633582136125,
0.11860066902429298,0.7617649696534364,-0.06363209339008606,
0.13005222811222536,0.8250384968130859,-0.07936523862766966,
0.13877237026880979,0.8739850075745343,-0.10300902341043393,
0.06,0.4,-0.2883810896346594,
0.08204043986186906,0.5160950056607352,-0.38221886461612375,
0.09695219197170316,0.5907223871961106,-0.497103227373357,
0.10827593421378157,0.6360700070460069,-0.6404930852274797,
0.11561099409488043,0.65752977191613,-0.8477450334926256,
0.12131659460676135,0.6686983086812421,-1.0000000099905348,
~
0.0007115851170093057,
0.002604080473460779,
0.005021140626565113,
0.009015538721980243,
0.013090444098602938,
0.030528137323888482,
0.00027683059807015464,
0.00011534548766067854,
0.0008331998948962749,
0.0024661494513903426,
0.003065459610324117,
0.0023863223624656094,
0.0036813388817714676,
0.005149543984682814,
0.01049218910430727,
0.018441423326081452,
0.043136981536892494,
0.07805341785929476,
~
0.0018320308299735188,0.0017093615207653806,0.0014869855543222705,0.001262364914880203,0.001048004248877079,0.0008116705721585581,0.0014204160695086496,0.0012243988480502219,0.0010633701737952483,0.0009370236381113772,0.0008390595019782881,0.0007668485183742749,0.0015096650278872007,0.0012948144933076235,0.0011025400417552396,0.0009134628736147403,0.000681873634714925,0.0005208299306894808,
0.0017093615207653806,0.0018320308299735188,0.001763116576984141,0.0016150264628063632,0.001423055300848233,0.001159283808951164,0.0016469193610855366,0.0015247854637441913,0.0014005632154249544,0.001290588760015626,0.0011987209412350139,0.0011290822471341103,0.0017755673798257746,0.0016458852420794374,0.0014863401126664504,0.001291672722160774,0.0010088055032823414,0.0007946729981111066,
0.0014869855543222705,0.001763116576984141,0.0018320308299735188,0.0017841737194571638,0.0016561347826784807,0.0014190070091067788,0.001641342335307171,0.0015970914089148483,0.0015257986824693667,0.001451290882367972,0.0013840410884866947,0.001333512521321002,0.0018267469365932576,0.0018002144962491018,0.0017091813833011722,0.0015536247927714875,0.0012739121839980998,0.0010383441656076403,
0.001262364914880203,0.0016150264628063632,0.0017841737194571638,0.0018320308299735188,0.0017865400187838955,0.0016156318293116406,0.0015033289791220239,0.0015144322044220696,0.0014876049425082067,0.0014476132065072782,0.0014077540186969181,0.0013807780425999037,0.0017575354751749686,0.0018233728508334531,0.0018128897544443523,0.0017249826346226267,0.0014944745431665148,0.0012670062529461636,
0.0010480042488770793,0.001423055300848233,0.0016561347826784807,0.0017865400187838955,0.0018320308299735188,0.0017603373071573547,0.0012850961473633894,0.0013260586840416545,0.0013285022809418788,0.0013145230918668413,0.001297541520709534,0.0012917734865112386,0.001607252531511947,0.0017466944596633855,0.001818108741630664,0.0018176785519135152,0.00167933105290643,0.001491511235793907,
0.0008116705721585581,0.001159283808951164,0.0014190070091067788,0.0016156318293116406,0.0017603373071573547,0.0018320308299735188,0.0009734498219099567,0.001020230337363685,0.0010360436030946495,0.0010377897235593113,0.0010367796735395243,0.0010467487066371183,0.001348576092562698,0.001538923052075188,0.0016904940640227154,0.0018001135684502989,0.001814749725153853,0.001717841757118902,
0.0014204160695086496,0.0016469193610855366,0.001641342335307171,0.0015033289791220239,0.0012850961473633894,0.0009734498219099567,0.0018320308299735188,0.00179697355203929,0.001723475398604852,0.0016400648839643929,0.0015588881645577553,0.0014863419486166487,0.0016947024580055551,0.0015874463167747609,0.001405086794802972,0.0011635914365377338,0.000829519224636209,0.0006097699992423151,
0.0012243988480502219,0.0015247854637441913,0.0015970914089148483,0.0015144322044220696,0.0013260586840416545,0.001020230337363685,0.00179697355203929,0.0018320308299735188,0.0018107007588085658,0.0017644292449860172,0.0017093639591832751,0.0016544515398411736,0.0016472420796456453,0.0016003421860077275,0.0014519840278890298,0.001222796232943975,0.000881565418290077,0.0006525284024332592,
0.0010633701737952483,0.0014005632154249544,0.0015257986824693667,0.0014876049425082067,0.0013285022809418788,0.0010360436030946495,0.001723475398604852,0.0018107007588085658,0.0018320308299735188,0.0018186091066508094,0.0017883769626230363,0.0017515572485569165,0.0015717238657873246,0.0015720775949514421,0.0014553441813164175,0.0012431329960367436,0.0009055405927305002,0.0006746947128651794,
0.0009370236381113774,0.001290588760015626,0.001451290882367972,0.0014476132065072784,0.0013145230918668413,0.0010377897235593113,0.0016400648839643929,0.0017644292449860172,0.0018186091066508094,0.0018320308299735188,0.001823157580902594,0.001802733122789206,0.0014928069686584984,0.0015290169502661616,0.0014395300445685663,0.0012449803361126483,0.0009159332480228929,0.0006868826851726496,
0.0008390595019782881,0.0011987209412350139,0.0013840410884866947,0.0014077540186969181,0.001297541520709534,0.0010367796735395243,0.0015588881645577553,0.0017093639591832751,0.0017883769626230363,0.001823157580902594,0.0018320308299735188,0.0018258893070095808,0.0014210985170801161,0.001485133572215586,0.0014191286224980797,0.0012417109942443503,0.0009230968746179475,0.0006971306447129588,
0.0007668485183742748,0.0011290822471341103,0.001333512521321002,0.0013807780425999037,0.0012917734865112386,0.0010467487066371183,0.0014863419486166487,0.0016544515398411736,0.0017515572485569165,0.001802733122789206,0.0018258893070095808,0.0018320308299735188,0.0013655678092964426,0.0014529245509451887,0.0014084893989228316,0.0012480901289093683,0.0009402876023052563,0.0007167469208176311,
0.0015096650278872007,0.0017755673798257746,0.0018267469365932576,0.0017575354751749686,0.001607252531511947,0.001348576092562698,0.0016947024580055551,0.0016472420796456453,0.0015717238657873243,0.0014928069686584984,0.0014210985170801161,0.0013655678092964426,0.0018320308299735188,0.0017863927021736883,0.001674215547388259,0.001497407923232241,0.0011994494692200704,0.0009609945812657937,
0.0012948144933076235,0.0016458852420794374,0.0018002144962491018,0.0018233728508334531,0.0017466944596633855,0.001538923052075188,0.0015874463167747609,0.0016003421860077275,0.0015720775949514421,0.0015290169502661616,0.001485133572215586,0.0014529245509451887,0.0017863927021736883,0.0018320308299735188,0.0017938884100122726,0.001673320885235516,0.001407633711164064,0.0011677409896937343,
0.0011025400417552396,0.0014863401126664504,0.0017091813833011722,0.0018128897544443523,0.001818108741630664,0.0016904940640227154,0.001405086794802972,0.0014519840278890298,0.0014553441813164175,0.0014395300445685663,0.0014191286224980797,0.0014084893989228316,0.001674215547388259,0.0017938884100122726,0.0018320308299735188,0.001786440350318002,0.0015902247204332687,0.0013741437399377343,
0.0009134628736147403,0.0012916727221607743,0.0015536247927714875,0.0017249826346226267,0.0018176785519135152,0.0018001135684502989,0.0011635914365377338,0.001222796232943975,0.0012431329960367436,0.0012449803361126485,0.0012417109942443503,0.0012480901289093683,0.001497407923232241,0.001673320885235516,0.001786440350318002,0.0018320308299735188,0.001745892905836079,0.0015854417371808337,
0.000681873634714925,0.0010088055032823414,0.0012739121839980998,0.0014944745431665148,0.00167933105290643,0.001814749725153853,0.000829519224636209,0.0008815654182900769,0.0009055405927305003,0.0009159332480228929,0.0009230968746179475,0.0009402876023052563,0.0011994494692200706,0.001407633711164064,0.0015902247204332687,0.001745892905836079,0.0018320308299735188,0.0017852658917263814,
0.0005208299306894808,0.0007946729981111066,0.0010383441656076403,0.0012670062529461636,0.001491511235793907,0.001717841757118902,0.0006097699992423151,0.0006525284024332593,0.0006746947128651793,0.0006868826851726497,0.0006971306447129588,0.0007167469208176311,0.0009609945812657935,0.0011677409896937343,0.0013741437399377343,0.0015854417371808337,0.0017852658917263814,0.0018320308299735188,
~
