4.705088138580322
~
3.3950668694160413e-06
~
0.00011093085049651563
~
0.0,0.0,-0.20921505961831718,
0.03453440536991157,0.2480173530109228,-0.29870800665390296,
0.0633823835608987,0.4181655076395458,-0.4112557465763305,
0.08201842261625805,0.5332903991430604,-0.560740484132728,
0.10214813825621483,0.6085185105810788,-0.7618556943436108,
0.11006386654785257,0.6405890445030016,-1.000000009980333,
0.2,0.1,-0.06062177324335331,
0.14628614059632117,0.28824285602219846,-0.09306432399214158,
0.12357957312671224,0.43533482734521256,-0.13542593014589743,
0.11744113861792196,0.5529061138929113,-0.1920082866842448,
0.12107489521563952,0.647973302388154,-0.27528283472978177,
0.12514273477081625,0.7179121110395587,-0.426502077583868,
0.05,0.5,-0.3294955907602139,
0.08212280702415675,0.6121358170193569,-0.4352830751233379,
0.09960910270737014,0.6804073153574061,-0.57477069982934,
0.11283981493129946,0.7219630002249491,-0.7713360903985963,
0.11995185954758193,0.7349696683762217,-1.0000000099742188,
0.12666148664155524,0.7318331122023458,-1.0000000099959696,
~
0.00010281469181734615,
0.0018936343992676519,
-0.0013729920418247693,
0.004422666228285771,
-0.001183095091892003,
-0.00041714195058402403,
-0.006079996609749505,
-0.003198092544933709,
-0.0012388116094911306,
0.0016082784802297773,
6.441432162876404e-05,
-0.001373717330337365,
0.0027820278627771755,
-0.0018600441814206614,
-0.0007223325666635139,
-0.001983152724680609,
0.0010958206775660007,
0.002247947755356694,
~
3.3950668694160413e-06,3.3896488220257553e-06,3.3782619621803386e-06,3.363416398048919e-06,3.3428590924998693e-06,3.3156639904879574e-06,3.3895442652963293e-06,3.3860326059403165e-06,3.3789843768683666e-06,3.370633396337067e-06,3.3615787163715904e-06,3.351013201053479e-06,3.374657368424139e-06,3.3620595243754796e-06,3.3488769227505717e-06,3.3305146735962306e-06,3.3057861574689185e-06,3.306006125827133e-06,
3.3896488220257553e-06,3.3950668694160413e-06,3.3918133891416786e-06,3.383408819486941e-06,3.3684077739172604e-06,3.3454658722817323e-06,3.386950559388022e-06,3.3907451803525355e-06,3.389728160177119e-06,3.386549551742698e-06,3.382208807281864e-06,3.3763060201650715e-06,3.3901106426422426e-06,3.3833168760859007e-06,3.37462390836599e-06,3.3604218343929765e-06,3.3390795016892515e-06,3.3392192958118226e-06,
3.3782619621803386e-06,3.3918133891416786e-06,3.3950668694160413e-06,3.392311588362718e-06,3.382769965598904e-06,3.364664328550475e-06,3.3764970044443267e-06,3.385495470063193e-06,3.3889379541191272e-06,3.389768820120893e-06,3.3893491529255456e-06,3.3878746320074404e-06,3.3940271928248707e-06,3.392111907507274e-06,3.3876507897538677e-06,3.377903624059758e-06,3.360721547022931e-06,3.3608106122219273e-06,
3.363416398048919e-06,3.383408819486941e-06,3.392311588362718e-06,3.3950668694160413e-06,3.391502211312843e-06,3.379364813644249e-06,3.360600545577854e-06,3.3734432462495106e-06,3.3803597394025037e-06,3.3845318350870707e-06,3.387701030986145e-06,3.390931360090813e-06,3.390805545899069e-06,3.3933836847646764e-06,3.3933688550300987e-06,3.388869278296541e-06,3.3770900172676145e-06,3.37714350575956e-06,
3.3428590924998693e-06,3.3684077739172604e-06,3.382769965598904e-06,3.391502211312843e-06,3.3950668694160413e-06,3.3906373517911913e-06,3.337295200228309e-06,3.3530168521745456e-06,3.362795792543027e-06,3.370004710193924e-06,3.376815011038289e-06,3.38549860127675e-06,3.379656200461235e-06,3.386867123806889e-06,3.3919876240873743e-06,3.3940645135710046e-06,3.389472333226289e-06,3.389510569948931e-06,
3.3156639904879574e-06,3.3454658722817323e-06,3.364664328550475e-06,3.379364813644249e-06,3.3906373517911913e-06,3.3950668694160413e-06,3.305573612184888e-06,3.3231473927295524e-06,3.3350418451540227e-06,3.3447884985385378e-06,3.3550179280700398e-06,3.3694678880355035e-06,3.3589940778009793e-06,3.3705799668437527e-06,3.381100420886538e-06,3.390552140543806e-06,3.3943763987250816e-06,3.394407410718249e-06,
3.3895442652963293e-06,3.386950559388022e-06,3.3764970044443267e-06,3.360600545577854e-06,3.337295200228309e-06,3.305573612184888e-06,3.3950668694160413e-06,3.392049079465399e-06,3.3855806152515187e-06,3.3775370188038293e-06,3.3681381032706442e-06,3.3553288777506045e-06,3.3755854091405328e-06,3.363275605186632e-06,3.3485144080671947e-06,3.326785272808192e-06,3.2974257602614984e-06,3.297798346495202e-06,
3.3860326059403165e-06,3.3907451803525355e-06,3.385495470063193e-06,3.3734432462495106e-06,3.3530168521745456e-06,3.3231473927295524e-06,3.392049079465399e-06,3.3950668694160413e-06,3.3932311727242546e-06,3.3888868241024646e-06,3.3825722562215696e-06,3.372426710656592e-06,3.386641618273193e-06,3.377770843487044e-06,3.3654439944969717e-06,3.3456429361427497e-06,3.317538077005532e-06,3.317770432481129e-06,
3.3789843768683666e-06,3.389728160177119e-06,3.3889379541191272e-06,3.3803597394025037e-06,3.362795792543027e-06,3.3350418451540227e-06,3.3855806152515187e-06,3.3932311727242546e-06,3.3950668694160413e-06,3.3937587859522835e-06,3.390103059804495e-06,3.3824704573853497e-06,3.3914450095529295e-06,3.3856565948231254e-06,3.375671881432718e-06,3.357954605101947e-06,3.3314671910659173e-06,3.331608160605297e-06,
3.370633396337067e-06,3.386549551742698e-06,3.389768820120893e-06,3.3845318350870707e-06,3.370004710193924e-06,3.3447884985385378e-06,3.3775370188038293e-06,3.3888868241024646e-06,3.3937587859522835e-06,3.3950668694160413e-06,3.3938413109638487e-06,3.3887639749532903e-06,3.3930546032972403e-06,3.390167621287146e-06,3.382584753707111e-06,3.367252831998189e-06,3.34286940780019e-06,3.3429489534961832e-06,
3.3615787163715904e-06,3.382208807281864e-06,3.3893491529255456e-06,3.387701030986145e-06,3.376815011038289e-06,3.3550179280700398e-06,3.3681381032706442e-06,3.3825722562215696e-06,3.390103059804495e-06,3.3938413109638487e-06,3.3950668694160413e-06,3.3929377281688444e-06,3.3927759220888966e-06,3.39288972437893e-06,3.388080401271822e-06,3.3758280143323644e-06,3.354457700834872e-06,3.3544960333998793e-06,
3.351013201053479e-06,3.3763060201650715e-06,3.3878746320074404e-06,3.390931360090813e-06,3.38549860127675e-06,3.3694678880355035e-06,3.3553288777506045e-06,3.372426710656592e-06,3.3824704573853497e-06,3.3887639749532903e-06,3.3929377281688444e-06,3.3950668694160413e-06,3.3902744977026097e-06,3.3940612477806476e-06,3.393223814002803e-06,3.3859482006827496e-06,3.3699160307458418e-06,3.369925301554952e-06,
3.374657368424139e-06,3.3901106426422426e-06,3.3940271928248707e-06,3.390805545899069e-06,3.379656200461235e-06,3.3589940778009793e-06,3.3755854091405328e-06,3.386641618273193e-06,3.3914450095529295e-06,3.3930546032972403e-06,3.3927759220888966e-06,3.3902744977026097e-06,3.3950668694160413e-06,3.3931659411163247e-06,3.387777232228698e-06,3.376069849752655e-06,3.356208617024691e-06,3.356245035178058e-06,
3.3620595243754796e-06,3.3833168760859007e-06,3.392111907507274e-06,3.3933836847646764e-06,3.386867123806889e-06,3.3705799668437527e-06,3.363275605186632e-06,3.377770843487044e-06,3.3856565948231254e-06,3.390167621287146e-06,3.39288972437893e-06,3.3940612477806476e-06,3.3931659411163247e-06,3.3950668694160413e-06,3.3931945838178115e-06,3.3854237121554863e-06,3.3694436647635658e-06,3.369459498137517e-06,
3.3488769227505717e-06,3.37462390836599e-06,3.3876507897538677e-06,3.3933688550300987e-06,3.3919876240873743e-06,3.381100420886538e-06,3.3485144080671947e-06,3.3654439944969717e-06,3.375671881432718e-06,3.382584753707111e-06,3.388080401271822e-06,3.393223814002803e-06,3.387777232228698e-06,3.3931945838178115e-06,3.3950668694160413e-06,3.3919596891256045e-06,3.3809709026553935e-06,3.380972004864732e-06,
3.3305146735962306e-06,3.3604218343929765e-06,3.377903624059758e-06,3.388869278296541e-06,3.3940645135710046e-06,3.390552140543806e-06,3.326785272808192e-06,3.3456429361427497e-06,3.357954605101947e-06,3.367252831998189e-06,3.3758280143323644e-06,3.3859482006827496e-06,3.376069849752655e-06,3.3854237121554863e-06,3.3919596891256045e-06,3.3950668694160413e-06,3.391043016935071e-06,3.391037755018114e-06,
3.3057861574689185e-06,3.3390795016892515e-06,3.360721547022931e-06,3.3770900172676145e-06,3.389472333226289e-06,3.3943763987250816e-06,3.2974257602614984e-06,3.317538077005532e-06,3.3314671910659173e-06,3.34286940780019e-06,3.354457700834872e-06,3.3699160307458418e-06,3.356208617024691e-06,3.3694436647635658e-06,3.3809709026553935e-06,3.391043016935071e-06,3.3950668694160413e-06,3.395062662970885e-06,
3.306006125827133e-06,3.3392192958118226e-06,3.3608106122219273e-06,3.37714350575956e-06,3.389510569948931e-06,3.394407410718249e-06,3.297798346495202e-06,3.317770432481129e-06,3.331608160605297e-06,3.3429489534961832e-06,3.3544960333998793e-06,3.369925301554952e-06,3.356245035178058e-06,3.369459498137517e-06,3.380972004864732e-06,3.391037755018114e-06,3.395062662970885e-06,3.3950668694160413e-06,
~
