1.566948413848877
~
0.0025802291929721832
~
0.00011420709051890299
~
0.0,0.0,-0.20921505961831718,
0.03453440536991157,0.2480173530109228,-0.29870800665390296,
0.0633823835608987,0.4181655076395458,-0.4112557465763305,
0.08201842261625805,0.5332903991430604,-0.560740484132728,
0.10214813825621483,0.6085185105810788,-0.7618556943436108,
0.11006386654785257,0.6405890445030016,-1.000000009980333,
0.2,0.1,-0.06062177324335331,
0.14628614059632117,0.28824285602219846,-0.09306432399214158,
0.12357957312671224,0.43533482734521256,-0.13542593014589743,
0.11744113861792196,0.5529061138929113,-0.1920082866842448,
0.12107489521563952,0.647973302388154,-0.27528283472978177,
0.12514273477081625,0.7179121110395587,-0.426502077583868,
0.05,0.5,-0.3294955907602139,
0.08212280702415675,0.6121358170193569,-0.4352830751233379,
0.09960910270737014,0.6804073153574061,-0.57477069982934,
0.11283981493129946,0.7219630002249491,-0.7713360903985963,
0.11995185954758193,0.7349696683762217,-1.0000000099742188,
0.12666148664155524,0.7318331122023458,-1.0000000099959696,
~
0.013098844107798463,
0.018135743554418104,
0.02408706469458488,
0.033215931405113475,
0.038559305593136695,
0.06135483432913491,
0.009894588099161328,
0.010154902016544232,
0.013308042684339494,
0.01964115938346722,
0.023782578459256354,
0.026791736043656034,
0.020818956905217623,
0.022591587594122053,
0.03291415648652829,
0.04345870414861641,
0.06400333660943824,
0.06333946771806298,
~
0.0025802291929721832,0.0025433397205832037,0.00246733530674816,0.0023712803950585526,0.002243760690410503,0.002084446974922675,0.0025426324687321767,0.002518979917352958,0.0024720965438495114,0.00241755287476801,0.0023596244421353525,0.0022935929495701253,0.0024437000328108426,0.002362669155431924,0.0022804432843431047,0.002170150965374198,0.0020291211972101814,0.002030338883461899,
0.0025433397205832037,0.0025802291929721832,0.002558020823166698,0.002501435470307154,0.002403198213573655,0.002259585799182576,0.002525143770788984,0.002550766343886792,0.0025438765034138714,0.002522449446004663,0.002493447631258758,0.0024544851236114732,0.0025464657012311447,0.002500822648492106,0.002443481581945183,0.002352312785428948,0.0022209907444917256,0.0022218292538380108,
0.00246733530674816,0.002558020823166698,0.0025802291929721832,0.0025614104898162124,0.00249718013449339,0.0023792248615491477,0.0024557372288032636,0.0025153793765217403,0.0025385346510913226,0.002544151637839986,0.00254131314001814,0.002531362253762662,0.0025731137598475036,0.002560051414440195,0.0025298546744891054,0.0024649766249436778,0.0023542050754570454,0.0023547676655297774,
0.0023712803950585526,0.002501435470307154,0.0025614104898162124,0.0025802291929721832,0.0025559056437786387,0.0024746071804546926,0.002353440948055268,0.0024357844929735065,0.0024811837668506386,0.002508931384066431,0.0025301929800729695,0.002552029420371227,0.002551175813596264,0.002568718406729161,0.0025686171939314846,0.0025380708687572106,0.0024596286789951246,0.00245997994891667,
0.002243760690410503,0.002403198213573655,0.00249718013449339,0.0025559056437786387,0.0025802291929721832,0.0025500350699268997,0.0022103128817325323,0.002305987462278804,0.0023673383384466714,0.0024134903144297994,0.0024578233605309333,0.0025154003524739967,0.0024765316777988103,0.002524582965894318,0.002559205835685435,0.002573368876763779,0.0025421460010151783,0.002542404580950416,
0.002084446974922675,0.002259585799182576,0.0023792248615491477,0.0024746071804546926,0.0025500350699268997,0.0025802291929721832,0.0020279452199704214,0.0021272502760524047,0.0021968932739129905,0.0022554641189705357,0.0023184254451271043,0.0024100261831271627,0.002343316937668476,0.0024172073779488556,0.0024860898518359064,0.0025494573143895337,0.0025755017386960254,0.002575713903607246,
0.0025426324687321767,0.002525143770788984,0.0024557372288032636,0.002353440948055268,0.0022103128817325323,0.0020279452199704214,0.0025802291929721832,0.0025596239244715744,0.0025159498182365353,0.0024625656013880083,0.0024014640686809232,0.0023203635437366015,0.002449765861100907,0.0023703855740438025,0.002278218523176946,0.0021483389735402684,0.001983318850649255,0.001985340319909291,
0.002518979917352958,0.002550766343886792,0.0025153793765217403,0.0024357844929735065,0.002305987462278804,0.0021272502760524047,0.0025596239244715744,0.0025802291929721832,0.0025676776827598877,0.0025381893521249105,0.0024958645187352444,0.0024291746721267315,0.0025230678044053097,0.0024641031352342457,0.0023842003054153804,0.0022606642998605833,0.002095093801402338,0.002096417193432687,
0.0024720965438495114,0.0025438765034138714,0.0025385346510913226,0.0024811837668506386,0.0023673383384466714,0.0021968932739129905,0.0025159498182365353,0.0025676776827598877,0.0025802291929721832,0.0025712796481755194,0.0025464143467960002,0.002495187360008161,0.0025555169935991126,0.002516458950770457,0.0024503317395686906,0.0023367867992564037,0.002175753384007883,0.002176583615483788,
0.00241755287476801,0.002522449446004663,0.002544151637839986,0.002508931384066431,0.0024134903144297994,0.0022554641189705357,0.0024625656013880083,0.0025381893521249105,0.0025712796481755194,0.0025802291929721832,0.002571843444696912,0.0025373598793558263,0.0025664732623208704,0.0025468516160540773,0.0024959476623931482,0.0023957790588478457,0.002243823117320795,0.002244304569817629,
0.0023596244421353525,0.002493447631258758,0.00254131314001814,0.0025301929800729695,0.0024578233605309333,0.0023184254451271043,0.0024014640686809232,0.0024958645187352444,0.0025464143467960002,0.002571843444696912,0.0025802291929721832,0.0025656763066483857,0.002564573336069449,0.0025653490390557905,0.0025327488158775153,0.002451353774468935,0.0023149372723738886,0.0023151757956735414,
0.0022935929495701253,0.0024544851236114732,0.002531362253762662,0.002552029420371227,0.0025154003524739967,0.0024100261831271627,0.0023203635437366015,0.0024291746721267315,0.002495187360008161,0.0025373598793558263,0.0025656763066483857,0.0025802291929721832,0.002547575627373677,0.002573346551597258,0.0025676274772045067,0.002518413826932075,0.002412917757919583,0.0024129776090002102,
0.0024437000328108426,0.0025464657012311447,0.0025731137598475036,0.002551175813596264,0.0024765316777988103,0.002343316937668476,0.002449765861100907,0.0025230678044053097,0.0025555169935991126,0.0025664732623208704,0.002564573336069449,0.002547575627373677,0.0025802291929721832,0.00256723266452452,0.002530706167380435,0.002452937560179772,0.0023258546201424955,0.0023260821804722714,
0.002362669155431924,0.002500822648492106,0.002560051414440195,0.002568718406729161,0.002524582965894318,0.0024172073779488556,0.0023703855740438025,0.0024641031352342457,0.002516458950770457,0.0025468516160540773,0.0025653490390557905,0.002573346551597258,0.00256723266452452,0.0025802291929721832,0.0025674280601920034,0.002514898714001592,0.0024098699738372502,0.0024099720779387937,
0.0022804432843431047,0.002443481581945183,0.0025298546744891054,0.0025686171939314846,0.002559205835685435,0.0024860898518359064,0.002278218523176946,0.0023842003054153804,0.0024503317395686906,0.0024959476623931482,0.0025327488158775153,0.0025676274772045067,0.002530706167380435,0.0025674280601920034,0.0025802291929721832,0.0025590158106455325,0.002485231334430632,0.0024852386393625,
0.002170150965374198,0.002352312785428948,0.0024649766249436778,0.0025380708687572106,0.002573368876763779,0.0025494573143895333,0.0021483389735402684,0.0022606642998605833,0.0023367867992564037,0.0023957790588478457,0.002451353774468935,0.002518413826932075,0.002452937560179772,0.002514898714001592,0.0025590158106455325,0.0025802291929721832,0.0025527871869980324,0.002552751472156336,
0.0020291211972101814,0.0022209907444917256,0.0023542050754570454,0.002459628678995124,0.0025421460010151783,0.0025755017386960254,0.001983318850649255,0.002095093801402338,0.002175753384007883,0.002243823117320795,0.0023149372723738886,0.002412917757919583,0.0023258546201424955,0.0024098699738372502,0.002485231334430632,0.0025527871869980324,0.0025802291929721832,0.0025802003693103036,
0.002030338883461899,0.0022218292538380108,0.0023547676655297774,0.00245997994891667,0.002542404580950416,0.002575713903607246,0.001985340319909291,0.0020964171934326876,0.002176583615483788,0.002244304569817629,0.0023151757956735414,0.0024129776090002102,0.0023260821804722714,0.0024099720779387937,0.0024852386393625,0.0025527514721563364,0.0025802003693103036,0.0025802291929721832,
~
