4.659456253051758
~
3.465919917289284e-06
~
0.00011050867033191025
~
0.01,0.0,-0.1779982497426631,
0.04017324472844647,0.23735662742308228,-0.2508364068092042,
0.06498778132339558,0.39917496258779545,-0.3391887781051141,
0.08325641834438446,0.5082917211257788,-0.4471285897281198,
0.09920907588008121,0.5789631891287493,-0.5792118436825906,
0.10863138177312293,0.616863722366671,-0.7649690854994152,
0.08,0.45,-0.028712570625736816,
0.09271914755063318,0.5810292595974075,-0.0391354473575731,
0.10611246537171833,0.6823088140483116,-0.05068633582136125,
0.11860066902429298,0.7617649696534364,-0.06363209339008606,
0.13005222811222536,0.8250384968130859,-0.07936523862766966,
0.13877237026880979,0.8739850075745343,-0.10300902341043393,
0.06,0.4,-0.2883810896346594,
0.08204043986186906,0.5160950056607352,-0.38221886461612375,
0.09695219197170316,0.5907223871961106,-0.497103227373357,
0.10827593421378157,0.6360700070460069,-0.6404930852274797,
0.11561099409488043,0.65752977191613,-0.8477450334926256,
0.12131659460676135,0.6686983086812421,-1.0000000099905348,
~
-9.224066471213987e-05,
0.0005075513144204569,
-0.0005709259783818199,
0.0013909102093220271,
-0.000418088503892175,
9.774225910694212e-05,
-0.0024299465434839546,
-0.0013365530152491256,
-0.0006124124391869434,
0.00036824632542753477,
-0.00014560823452586247,
-0.0006584431384574208,
0.000825848488104422,
-0.0007121031940989786,
-0.00028417413539846836,
-0.0005893154880321355,
0.00089954500560184,
0.0021953316934420763,
~
3.465919917289284e-06,3.460930379946026e-06,3.4509184245511607e-06,3.4391909843003765e-06,3.425912453233445e-06,3.407762092340446e-06,3.4476345017707173e-06,3.437008595250763e-06,3.4269491744067465e-06,3.417950426847457e-06,3.4101137647288402e-06,3.4037405703662716e-06,3.452004417641353e-06,3.441005918653342e-06,3.429526972218806e-06,3.416141601533748e-06,3.3954411149884057e-06,3.3764783937858417e-06,
3.460930379946026e-06,3.465919917289284e-06,3.4631586407397533e-06,3.4568487506402926e-06,3.4477675402304987e-06,3.4331065366317216e-06,3.4582542110579676e-06,3.4527196103247234e-06,3.4466259300283836e-06,3.4407721083046098e-06,3.4354946686145687e-06,3.431223251216614e-06,3.4636652584968737e-06,3.458209059001009e-06,3.450887281142999e-06,3.4408321554697742e-06,3.4231988039147732e-06,3.4062632452114472e-06,
3.4509184245511607e-06,3.4631586407397533e-06,3.465919917289284e-06,3.464013417427855e-06,3.458655356286229e-06,3.44756337466076e-06,3.4580103754177594e-06,3.456046399296701e-06,3.4527672867198847e-06,3.449175911586511e-06,3.445775835864601e-06,3.4431129842732115e-06,3.465711831372027e-06,3.464657960741014e-06,3.460922798111803e-06,3.4540646532248814e-06,3.4398420156025036e-06,3.425253050890678e-06,
3.4391909843003765e-06,3.4568487506402926e-06,3.464013417427855e-06,3.465919917289284e-06,3.464108854947507e-06,3.456875680142414e-06,3.4517026364778466e-06,3.4522306581165126e-06,3.450948298401234e-06,3.448993999056742e-06,3.446992847459838e-06,3.445606771564842e-06,3.462930409985886e-06,3.4655786473536693e-06,3.4651633069676424e-06,3.4615849015588717e-06,3.451278813405918e-06,3.4394533595544264e-06,
3.425912453233445e-06,3.4477675402304987e-06,3.458655356286229e-06,3.464108854947507e-06,3.465919917289284e-06,3.46304507525405e-06,3.4404670783834456e-06,3.4427118273589305e-06,3.4428435816754955e-06,3.4420866213328023e-06,3.4411564090617715e-06,3.440837734904658e-06,3.4565020490087265e-06,3.4624850476580717e-06,3.4653703764176038e-06,3.4653533301604198e-06,3.4596554889780465e-06,3.451136423539716e-06,
3.407762092340446e-06,3.4331065366317216e-06,3.44756337466076e-06,3.456875680142414e-06,3.46304507525405e-06,3.465919917289284e-06,3.4206611308993037e-06,3.424000235795022e-06,3.425095127736235e-06,3.4252150223246477e-06,3.425145692950471e-06,3.4258270865705488e-06,3.4439170290854525e-06,3.453382059902192e-06,3.4601319827505914e-06,3.464653922913847e-06,3.4652371703592727e-06,3.4612864234497586e-06,
3.4476345017707173e-06,3.4582542110579676e-06,3.4580103754177594e-06,3.4517026364778466e-06,3.4404670783834456e-06,3.4206611308993037e-06,3.465919917289284e-06,3.464528189143721e-06,3.461522002191865e-06,3.45795440920439e-06,3.454307491930365e-06,3.4508873697487882e-06,3.460310818979298e-06,3.455611255877816e-06,3.4468569644503934e-06,3.4333712254957474e-06,3.4093032607173637e-06,3.3875620098185973e-06,
3.437008595250763e-06,3.4527196103247234e-06,3.456046399296701e-06,3.4522306581165126e-06,3.4427118273589305e-06,3.424000235795022e-06,3.464528189143721e-06,3.465919917289284e-06,3.46507628217955e-06,3.4632122175540975e-06,3.4609304825716155e-06,3.458582248525692e-06,3.458268296022267e-06,3.4561924801967093e-06,3.4492101467695922e-06,3.436915021444415e-06,3.4136185577785877e-06,3.3923377173569228e-06,
3.4269491744067465e-06,3.4466259300283836e-06,3.4527672867198847e-06,3.450948298401234e-06,3.4428435816754955e-06,3.425095127736235e-06,3.461522002191865e-06,3.46507628217955e-06,3.465919917289284e-06,3.4653901984016818e-06,3.464182857212451e-06,3.4626851508346896e-06,3.454896348709195e-06,3.454912509800466e-06,3.4493758817626757e-06,3.4380936398087967e-06,3.415523108391338e-06,3.39469416948639e-06,
3.417950426847457e-06,3.4407721083046098e-06,3.449175911586511e-06,3.448993999056742e-06,3.4420866213328023e-06,3.4252150223246477e-06,3.45795440920439e-06,3.4632122175540975e-06,3.4653901984016818e-06,3.465919917289284e-06,3.465570141896887e-06,3.464758651928257e-06,3.4511987188433203e-06,3.4529185150098247e-06,3.448592578016338e-06,3.4381997653855388e-06,3.416333389887342e-06,3.3959577446478296e-06,
3.4101137647288402e-06,3.4354946686145687e-06,3.445775835864601e-06,3.446992847459838e-06,3.4411564090617715e-06,3.425145692950471e-06,3.454307491930365e-06,3.4609304825716155e-06,3.464182857212451e-06,3.465570141896887e-06,3.465919917289284e-06,3.4656780013287714e-06,3.447668925798536e-06,3.4508290284487368e-06,3.4475695162361183e-06,3.4380118437298474e-06,3.4168866897878242e-06,3.3970033145634317e-06,
3.4037405703662716e-06,3.431223251216614e-06,3.4431129842732115e-06,3.445606771564842e-06,3.440837734904658e-06,3.4258270865705488e-06,3.4508873697487882e-06,3.458582248525692e-06,3.4626851508346896e-06,3.464758651928257e-06,3.4656780013287714e-06,3.465919917289284e-06,3.444813504014408e-06,3.4492565746072066e-06,3.4470302674262977e-06,3.4383780682739047e-06,3.4181974910843235e-06,3.398963389844222e-06,
3.452004417641353e-06,3.4636652584968737e-06,3.465711831372027e-06,3.462930409985886e-06,3.4565020490087265e-06,3.4439170290854525e-06,3.460310818979298e-06,3.458268296022267e-06,3.454896348709195e-06,3.4511987188433203e-06,3.447668925798536e-06,3.444813504014408e-06,3.465919917289284e-06,3.4641029169922093e-06,3.4594360961034163e-06,3.4514194932019174e-06,3.435538057362717e-06,3.4197456006756963e-06,
3.441005918653342e-06,3.458209059001009e-06,3.464657960741014e-06,3.4655786473536693e-06,3.4624850476580717e-06,3.453382059902192e-06,3.455611255877816e-06,3.4561924801967093e-06,3.454912509800466e-06,3.4529185150098247e-06,3.4508290284487368e-06,3.4492565746072066e-06,3.4641029169922093e-06,3.465919917289284e-06,3.4644044429675548e-06,3.4593976585665253e-06,3.4469867237657034e-06,3.433625295447205e-06,
3.429526972218806e-06,3.450887281142999e-06,3.460922798111803e-06,3.4651633069676424e-06,3.4653703764176038e-06,3.4601319827505914e-06,3.4468569644503934e-06,3.4492101467695922e-06,3.4493758817626757e-06,3.448592578016338e-06,3.4475695162361183e-06,3.4470302674262977e-06,3.4594360961034163e-06,3.4644044429675548e-06,3.465919917289284e-06,3.4641048376193476e-06,3.455736869915892e-06,3.445261826682564e-06,
3.416141601533748e-06,3.4408321554697742e-06,3.4540646532248814e-06,3.4615849015588717e-06,3.4653533301604198e-06,3.464653922913847e-06,3.4333712254957474e-06,3.436915021444415e-06,3.4380936398087967e-06,3.4381997653855388e-06,3.4380118437298474e-06,3.4383780682739047e-06,3.4514194932019174e-06,3.4593976585665253e-06,3.4641048376193476e-06,3.465919917289284e-06,3.4624520114538305e-06,3.4555204933304978e-06,
3.3954411149884057e-06,3.4231988039147732e-06,3.4398420156025036e-06,3.451278813405918e-06,3.4596554889780465e-06,3.4652371703592727e-06,3.4093032607173637e-06,3.4136185577785877e-06,3.415523108391338e-06,3.416333389887342e-06,3.4168866897878242e-06,3.4181974910843235e-06,3.435538057362717e-06,3.4469867237657034e-06,3.455736869915892e-06,3.4624520114538305e-06,3.465919917289284e-06,3.4640574822817385e-06,
3.3764783937858417e-06,3.4062632452114472e-06,3.425253050890678e-06,3.4394533595544264e-06,3.451136423539716e-06,3.4612864234497586e-06,3.387562009818597e-06,3.3923377173569228e-06,3.39469416948639e-06,3.3959577446478296e-06,3.3970033145634317e-06,3.398963389844222e-06,3.4197456006756963e-06,3.433625295447205e-06,3.445261826682564e-06,3.4555204933304978e-06,3.4640574822817385e-06,3.465919917289284e-06,
~
